,0,1,2,3,4,5,6,7,8
0,0.0,0.0668,0.4067,0.2216,0.2586,0.0463,,,
1,0.0,0.0,0.1165,0.4421,0.4414,,,,
2,0.0,0.1389,0.3924,0.4687,,,,,
3,0.0,0.0712,0.2403,0.4178,0.2707,,,,
4,0.0,0.0,0.5492,0.1881,0.221,0.0417,,,
5,0.0,0.2831,0.3761,0.2273,0.1135,,,,
6,0.0,0.3142,0.4564,0.2294,,,,,
7,0.0,0.3744,0.3499,0.2757,,,,,
8,0.0,0.1376,0.0521,0.2529,0.2899,0.2675,,,
9,0.0,0.2494,0.1374,0.5334,0.0611,0.0187,,,
10,0.0,0.4105,0.3276,0.062,0.1999,,,,
11,0.0,0.2127,0.3043,0.2833,0.1997,,,,
12,0.0,0.1438,0.2459,0.2706,0.3397,,,,
13,0.0,0.1214,0.2556,0.3412,0.2154,0.0664,,,
14,0.0,0.0,0.0,0.4484,0.3856,0.166,,,
15,0.0,0.4112,0.3398,0.2127,0.0133,0.023,,,
16,0.0,0.1747,0.315,0.4342,0.0736,0.0025,,,
17,0.0,0.3512,0.3852,0.2166,0.0,0.047,,,
18,0.0,0.0415,0.1501,0.8084,,,,,
19,0.0,0.4388,0.4155,0.1143,0.0314,,,,
20,0.0,0.454,0.2926,0.1292,0.1242,,,,
21,0.0,0.2538,0.4816,0.2062,0.0584,,,,
22,0.0,0.3868,0.2848,0.2941,0.0125,0.0218,,,
23,0.0,0.1878,0.2624,0.2276,0.2276,0.0946,,,
24,0.0,0.2563,0.5617,0.1431,0.0389,,,,
25,0.0,0.0,0.061,0.074,0.6122,0.2528,,,
26,0.0,0.0,0.0746,0.4236,0.3998,0.102,,,
27,0.0,0.0,0.7286,0.1282,0.1014,0.0418,,,
28,0.0,0.1941,0.6636,0.0855,0.0568,,,,
29,0.0,0.1494,0.4083,0.3823,0.06,,,,
30,0.0,0.098,0.3359,0.3282,0.2379,,,,
31,0.0,0.2299,0.2116,0.2326,0.2545,0.0714,,,
32,0.0,0.0695,0.4255,0.3947,0.1103,,,,
33,0.0,0.105,0.4356,0.3688,0.0831,0.0075,,,
34,0.0,0.2598,0.0,0.1615,0.2858,0.2301,0.0482,0.0146,
35,0.0,0.0,0.072,0.2608,0.3026,0.1661,0.1583,0.0402,
36,0.0,0.0,0.036,0.1587,0.2689,0.4616,0.0748,,
37,0.0,0.2099,0.3688,0.274,0.1213,0.0253,0.0,0.0007,
38,0.0,0.0,0.1023,0.2084,0.4226,0.2064,0.0603,,
39,0.0,0.0,0.2792,0.2041,0.329,0.0839,0.1038,,
40,0.0,0.2151,0.3148,0.2897,0.1271,0.0429,0.0,0.0104,
41,0.0,0.1979,0.1727,0.2647,0.2125,0.1304,0.0218,,
42,0.0,0.0511,0.0815,0.1991,0.1597,0.2292,0.2794,,
43,0.0,0.1058,0.1052,0.1454,0.2215,0.3622,0.0599,,
44,0.0,0.0,0.1241,0.258,0.3725,0.2079,0.0375,,
45,0.0,0.0,0.228,0.3261,0.245,0.1278,0.0731,,
46,0.0,0.0,0.0639,0.204,0.216,0.3689,0.1472,,
47,0.0,0.0967,0.2351,0.3132,0.2233,0.1206,0.0111,,
48,0.0,0.2326,0.2663,0.245,0.2273,0.011,0.0178,,
49,0.0,0.1841,0.3407,0.2615,0.1743,0.0385,0.0009,,
50,0.0,0.0804,0.1786,0.1675,0.3009,0.1727,0.0852,0.0147,
51,0.0,0.1808,0.1126,0.2779,0.1957,0.0849,0.1015,0.0466,
52,0.0,0.3088,0.3224,0.2519,0.0966,0.0186,0.0017,,
53,0.0,0.1361,0.1346,0.3706,0.0893,0.2296,0.0398,,
54,0.0,0.0986,0.1353,0.3004,0.2597,0.1788,0.0272,,
55,0.0,0.0265,0.3062,0.2533,0.2398,0.0763,0.0671,0.0308,
56,0.0,0.0,0.1731,0.4662,0.2602,0.0887,0.0118,,
57,0.0,0.0757,0.3563,0.2557,0.242,0.0591,0.0112,,
58,0.0,0.0756,0.211,0.225,0.2198,0.2102,0.0411,0.0173,
59,0.0,0.1737,0.2702,0.3353,0.1544,0.0649,0.0015,,
60,0.0,0.1178,0.075,0.1592,0.2279,0.2612,0.1312,0.0277,
61,0.0,0.1484,0.092,0.1035,0.4107,0.2211,0.0243,,
62,0.0,0.0361,0.0781,0.173,0.2824,0.3193,0.1111,,
63,0.0,0.1236,0.2819,0.3173,0.1894,0.0786,0.0092,,
64,0.0,0.0,0.1273,0.2147,0.2348,0.2003,0.1384,0.0725,0.012
65,0.0,0.0,0.0324,0.1579,0.121,0.27,0.2027,0.1886,0.0274
66,0.0,0.0854,0.104,0.1196,0.1978,0.2275,0.1811,0.0827,0.0019
67,0.0,0.0787,0.3386,0.1188,0.189,0.155,0.0879,0.0277,0.0043
68,0.0,0.0086,0.0647,0.2603,0.2278,0.1457,0.1427,0.133,0.0172
69,0.0,0.0,0.0653,0.1546,0.128,0.2831,0.2702,0.0782,0.0206
70,0.0,0.2092,0.2661,0.1917,0.1066,0.0864,0.085,0.0467,0.0083
71,0.0,0.0,0.1969,0.1673,0.2626,0.2493,0.1179,0.0,0.006
72,0.0,0.1074,0.2089,0.2247,0.2056,0.1265,0.0989,0.0265,0.0015
73,0.0,0.2022,0.2946,0.1112,0.1293,0.1338,0.1279,0.0,0.001
74,0.0,0.2217,0.2461,0.1115,0.0662,0.1409,0.1572,0.0493,0.0071
75,0.0,0.0,0.1647,0.2773,0.3081,0.1464,0.0696,0.0289,0.005
76,0.0,0.0,0.08,0.3194,0.2461,0.1924,0.1211,0.0312,0.0098
77,0.0,0.1896,0.146,0.3336,0.1869,0.0946,0.0465,0.0,0.0028
78,0.0,0.0,0.0175,0.1795,0.2095,0.398,0.1237,0.0463,0.0255
79,0.0,0.1783,0.2566,0.1322,0.0531,0.0731,0.1804,0.0961,0.0302
80,0.0,0.1274,0.1045,0.1593,0.2601,0.2048,0.1203,0.0225,0.0011
81,0.0,0.0,0.0076,0.1397,0.2367,0.2975,0.1713,0.1117,0.0355
82,0.0,0.0,0.136,0.3468,0.1236,0.1597,0.1627,0.0657,0.0055
83,0.0,0.0,0.3516,0.0459,0.2378,0.0708,0.2742,0.0054,0.0143
84,0.0,0.3289,0.0659,0.1508,0.1639,0.1535,0.1136,0.0,0.0234
85,0.0,0.0,0.1039,0.3329,0.2195,0.1312,0.1612,0.0413,0.01
86,0.0,0.0,0.2017,0.1593,0.2534,0.226,0.1359,0.0227,0.001
87,0.0,0.0,0.7038,0.0223,0.0684,0.1379,0.0211,0.0408,0.0057
88,0.0,0.1792,0.2573,0.3295,0.1454,0.0508,0.0359,0.0016,0.0003
89,0.0,0.0,0.0,0.0074,0.2413,0.2302,0.2379,0.2543,0.0289
90,0.0,0.0,0.0,0.0528,0.2693,0.3578,0.2031,0.0918,0.0252
91,0.0,0.0,0.0749,0.293,0.4555,0.123,0.0493,0.0,0.0043
92,0.0,0.0745,0.2356,0.352,0.2129,0.0795,0.0374,0.0069,0.0012
93,0.0,0.1903,0.1153,0.1271,0.1174,0.1872,0.1978,0.06,0.0049
