,0,1,2,3,4,5,6,7,8
0,0.0,0.03,0.088,0.166,0.407,0.309,,,
1,0.041,0.017,0.153,0.145,0.644,,,,
2,0.223,0.103,0.423,0.251,,,,,
3,0.085,0.066,0.183,0.166,0.5,,,,
4,0.032,0.117,0.457,0.204,0.11,0.08,,,
5,0.041,0.045,0.127,0.167,0.62,,,,
6,0.191,0.11,0.525,0.174,,,,,
7,0.185,0.086,0.386,0.343,,,,,
8,0.029,0.071,0.112,0.257,0.425,0.106,,,
9,0.095,0.122,0.116,0.262,0.368,0.037,,,
10,0.12,0.202,0.566,0.075,0.037,,,,
11,0.168,0.037,0.516,0.123,0.156,,,,
12,0.055,0.102,0.147,0.132,0.564,,,,
13,0.022,0.05,0.379,0.285,0.197,0.067,,,
14,0.0,0.015,0.351,0.338,0.118,0.178,,,
15,0.002,0.148,0.459,0.332,0.051,0.008,,,
16,0.041,0.062,0.067,0.257,0.294,0.279,,,
17,0.094,0.101,0.579,0.201,0.02,0.005,,,
18,0.067,0.043,0.114,0.776,,,,,
19,0.292,0.052,0.366,0.096,0.194,,,,
20,0.039,0.171,0.519,0.178,0.093,,,,
21,0.011,0.064,0.349,0.267,0.309,,,,
22,0.133,0.1,0.541,0.215,0.004,0.007,,,
23,0.17,0.039,0.46,0.157,0.152,0.022,,,
24,0.069,0.145,0.669,0.103,0.014,,,,
25,0.051,0.047,0.178,0.188,0.464,0.072,,,
26,0.0,0.057,0.087,0.374,0.474,0.008,,,
27,0.042,0.098,0.679,0.126,0.038,0.017,,,
28,0.022,0.125,0.673,0.099,0.081,,,,
29,0.135,0.11,0.195,0.101,0.459,,,,
30,0.007,0.047,0.677,0.163,0.106,,,,
31,0.11,0.066,0.184,0.205,0.295,0.14,,,
32,0.043,0.048,0.167,0.304,0.438,,,,
33,0.012,0.105,0.236,0.204,0.272,0.171,,,
34,0.024,0.104,0.124,0.103,0.399,0.179,0.034,0.033,
35,0.302,0.004,0.065,0.103,0.171,0.076,0.118,0.161,
36,0.084,0.04,0.121,0.104,0.267,0.21,0.174,,
37,0.011,0.065,0.257,0.195,0.218,0.141,0.037,0.076,
38,0.0,0.071,0.053,0.28,0.414,0.169,0.013,,
39,0.121,0.053,0.028,0.146,0.119,0.089,0.444,,
40,0.0,0.078,0.154,0.112,0.434,0.165,0.019,0.038,
41,0.154,0.069,0.092,0.121,0.377,0.151,0.036,,
42,0.05,0.044,0.163,0.11,0.016,0.057,0.56,,
43,0.006,0.076,0.135,0.159,0.189,0.122,0.313,,
44,0.0,0.002,0.092,0.058,0.194,0.29,0.364,,
45,0.0,0.075,0.27,0.137,0.36,0.104,0.054,,
46,0.253,0.0,0.051,0.073,0.212,0.131,0.28,,
47,0.147,0.038,0.094,0.102,0.221,0.151,0.247,,
48,0.107,0.051,0.085,0.294,0.363,0.093,0.007,,
49,0.01,0.084,0.152,0.223,0.421,0.089,0.021,,
50,0.112,0.039,0.184,0.044,0.435,0.125,0.057,0.004,
51,0.098,0.072,0.47,0.253,0.03,0.035,0.023,0.019,
52,0.041,0.083,0.097,0.191,0.408,0.171,0.009,,
53,0.189,0.051,0.027,0.09,0.262,0.37,0.011,,
54,0.091,0.035,0.026,0.17,0.29,0.368,0.02,,
55,0.059,0.024,0.185,0.067,0.113,0.2,0.34,0.012,
56,0.0,0.019,0.092,0.168,0.177,0.228,0.316,,
57,0.001,0.113,0.184,0.183,0.428,0.081,0.01,,
58,0.122,0.049,0.074,0.123,0.266,0.143,0.086,0.137,
59,0.07,0.069,0.042,0.175,0.385,0.221,0.038,,
60,0.168,0.026,0.114,0.066,0.11,0.263,0.227,0.026,
61,0.035,0.084,0.184,0.128,0.404,0.147,0.018,,
62,0.156,0.039,0.031,0.278,0.438,0.054,0.004,,
63,0.013,0.056,0.102,0.195,0.337,0.174,0.123,,
64,0.0,0.107,0.009,0.098,0.075,0.114,0.252,0.277,0.068
65,0.063,0.01,0.095,0.1,0.214,0.198,0.237,0.046,0.037
66,0.048,0.12,0.127,0.032,0.044,0.151,0.244,0.195,0.039
67,0.08,0.094,0.1,0.119,0.324,0.123,0.116,0.016,0.028
68,0.007,0.06,0.051,0.13,0.335,0.124,0.163,0.093,0.037
69,0.0,0.003,0.177,0.077,0.123,0.172,0.178,0.048,0.222
70,0.002,0.081,0.167,0.08,0.126,0.08,0.109,0.066,0.289
71,0.0,0.008,0.049,0.313,0.369,0.128,0.13,0.0,0.003
72,0.171,0.059,0.003,0.094,0.12,0.214,0.255,0.069,0.015
73,0.096,0.157,0.241,0.021,0.015,0.067,0.14,0.026,0.237
74,0.252,0.028,0.138,0.002,0.011,0.074,0.103,0.085,0.307
75,0.157,0.015,0.146,0.096,0.281,0.081,0.078,0.034,0.112
76,0.248,0.081,0.02,0.066,0.116,0.074,0.097,0.095,0.203
77,0.163,0.081,0.2,0.07,0.26,0.203,0.023,0.0,0.0
78,0.088,0.052,0.051,0.198,0.309,0.2,0.088,0.011,0.003
79,0.025,0.137,0.423,0.076,0.058,0.103,0.14,0.023,0.015
80,0.097,0.028,0.1,0.094,0.311,0.187,0.158,0.018,0.007
81,0.211,0.0,0.051,0.173,0.389,0.123,0.021,0.008,0.024
82,0.0,0.025,0.102,0.311,0.15,0.129,0.268,0.013,0.002
83,0.035,0.088,0.472,0.043,0.061,0.047,0.073,0.022,0.159
84,0.026,0.091,0.067,0.125,0.133,0.036,0.125,0.054,0.343
85,0.021,0.024,0.107,0.13,0.176,0.19,0.19,0.074,0.088
86,0.0,0.025,0.387,0.07,0.07,0.231,0.146,0.05,0.021
87,0.053,0.1,0.256,0.043,0.183,0.063,0.17,0.119,0.013
88,0.085,0.111,0.142,0.094,0.129,0.168,0.238,0.017,0.016
89,0.114,0.019,0.005,0.06,0.026,0.137,0.353,0.238,0.048
90,0.0,0.0,0.067,0.103,0.147,0.136,0.232,0.149,0.166
91,0.0,0.032,0.064,0.103,0.234,0.207,0.29,0.063,0.007
92,0.037,0.066,0.103,0.266,0.361,0.087,0.061,0.01,0.009
93,0.019,0.096,0.096,0.053,0.096,0.173,0.319,0.146,0.002
