,0,1,2,3,4,5,6,7,8
0,0.004,0.124,0.204,0.134,0.24,0.294,,,
1,0.084,0.098,0.164,0.142,0.512,,,,
2,0.476,0.121,0.177,0.226,,,,,
3,0.15,0.286,0.144,0.03,0.39,,,,
4,0.104,0.32,0.216,0.096,0.202,0.062,,,
5,0.09,0.15,0.178,0.096,0.486,,,,
6,0.345,0.245,0.165,0.245,,,,,
7,0.35,0.27,0.111,0.269,,,,,
8,0.05,0.238,0.15,0.108,0.218,0.236,,,
9,0.236,0.36,0.102,0.076,0.12,0.106,,,
10,0.216,0.404,0.078,0.038,0.264,,,,
11,0.322,0.124,0.192,0.05,0.312,,,,
12,0.088,0.368,0.13,0.032,0.382,,,,
13,0.072,0.164,0.158,0.162,0.29,0.154,,,
14,0.0,0.044,0.326,0.118,0.16,0.352,,,
15,0.006,0.308,0.26,0.094,0.108,0.224,,,
16,0.082,0.26,0.222,0.146,0.232,0.058,,,
17,0.176,0.23,0.252,0.072,0.026,0.244,,,
18,0.145,0.129,0.152,0.574,,,,,
19,0.524,0.164,0.084,0.01,0.218,,,,
20,0.096,0.352,0.104,0.056,0.392,,,,
21,0.01,0.23,0.306,0.08,0.374,,,,
22,0.296,0.222,0.164,0.046,0.096,0.176,,,
23,0.36,0.162,0.164,0.072,0.198,0.044,,,
24,0.142,0.344,0.208,0.036,0.27,,,,
25,0.1,0.25,0.27,0.056,0.23,0.094,,,
26,0.0,0.29,0.144,0.136,0.102,0.328,,,
27,0.098,0.258,0.358,0.052,0.21,0.024,,,
28,0.074,0.208,0.314,0.074,0.33,,,,
29,0.288,0.248,0.18,0.046,0.238,,,,
30,0.002,0.286,0.262,0.066,0.384,,,,
31,0.214,0.278,0.084,0.074,0.234,0.116,,,
32,0.092,0.196,0.226,0.114,0.372,,,,
33,0.01,0.36,0.294,0.062,0.156,0.118,,,
34,0.036,0.236,0.102,0.118,0.202,0.112,0.074,0.12,
35,0.558,0.016,0.06,0.056,0.168,0.044,0.036,0.062,
36,0.156,0.166,0.19,0.072,0.154,0.16,0.102,,
37,0.03,0.232,0.184,0.15,0.17,0.082,0.106,0.046,
38,0.0,0.29,0.106,0.116,0.228,0.222,0.038,,
39,0.278,0.116,0.156,0.078,0.266,0.064,0.042,,
40,0.0,0.264,0.166,0.122,0.226,0.142,0.046,0.034,
41,0.304,0.296,0.094,0.024,0.14,0.136,0.006,,
42,0.108,0.154,0.112,0.136,0.076,0.194,0.22,,
43,0.024,0.266,0.27,0.06,0.112,0.184,0.084,,
44,0.0,0.006,0.166,0.122,0.184,0.256,0.266,,
45,0.0,0.306,0.21,0.064,0.164,0.174,0.082,,
46,0.5,0.0,0.094,0.066,0.158,0.136,0.046,,
47,0.258,0.13,0.19,0.06,0.148,0.132,0.082,,
48,0.24,0.214,0.168,0.066,0.168,0.106,0.038,,
49,0.016,0.332,0.224,0.074,0.17,0.138,0.046,,
50,0.192,0.11,0.16,0.086,0.242,0.082,0.116,0.012,
51,0.214,0.244,0.098,0.11,0.092,0.07,0.09,0.082,
52,0.08,0.25,0.176,0.122,0.176,0.154,0.042,,
53,0.398,0.132,0.09,0.108,0.038,0.224,0.01,,
54,0.202,0.092,0.116,0.184,0.28,0.082,0.044,,
55,0.186,0.086,0.176,0.096,0.184,0.148,0.118,0.006,
56,0.0,0.088,0.174,0.194,0.166,0.198,0.18,,
57,0.0,0.27,0.168,0.172,0.238,0.102,0.05,,
58,0.24,0.112,0.166,0.106,0.222,0.078,0.024,0.052,
59,0.104,0.256,0.186,0.092,0.168,0.176,0.018,,
60,0.348,0.056,0.064,0.062,0.124,0.192,0.128,0.026,
61,0.066,0.242,0.264,0.072,0.188,0.14,0.028,,
62,0.314,0.15,0.104,0.08,0.236,0.07,0.046,,
63,0.06,0.152,0.174,0.138,0.208,0.138,0.13,,
64,0.0,0.434,0.034,0.042,0.138,0.09,0.104,0.08,0.078
65,0.122,0.03,0.162,0.104,0.186,0.164,0.144,0.064,0.024
66,0.094,0.342,0.092,0.038,0.084,0.192,0.07,0.058,0.03
67,0.162,0.188,0.216,0.036,0.176,0.13,0.042,0.024,0.026
68,0.01,0.244,0.096,0.1,0.246,0.044,0.132,0.09,0.038
69,0.0,0.006,0.214,0.116,0.176,0.232,0.136,0.05,0.07
70,0.006,0.25,0.238,0.082,0.094,0.12,0.068,0.036,0.106
71,0.0,0.05,0.158,0.188,0.232,0.212,0.12,0.018,0.022
72,0.374,0.224,0.024,0.038,0.206,0.044,0.07,0.018,0.002
73,0.168,0.31,0.208,0.022,0.022,0.084,0.102,0.006,0.078
74,0.488,0.072,0.052,0.01,0.018,0.104,0.088,0.052,0.116
75,0.352,0.046,0.184,0.068,0.178,0.088,0.038,0.012,0.034
76,0.472,0.186,0.022,0.032,0.098,0.064,0.02,0.028,0.078
77,0.344,0.25,0.068,0.03,0.156,0.074,0.052,0.004,0.022
78,0.18,0.18,0.098,0.112,0.172,0.218,0.03,0.006,0.004
79,0.024,0.334,0.128,0.078,0.136,0.164,0.082,0.046,0.008
80,0.188,0.052,0.09,0.122,0.234,0.166,0.092,0.03,0.026
81,0.464,0.0,0.054,0.09,0.234,0.052,0.036,0.044,0.026
82,0.0,0.074,0.2,0.158,0.198,0.194,0.146,0.026,0.004
83,0.076,0.126,0.254,0.07,0.146,0.024,0.138,0.026,0.14
84,0.032,0.2,0.228,0.168,0.15,0.034,0.084,0.014,0.09
85,0.02,0.136,0.148,0.136,0.198,0.16,0.11,0.032,0.06
86,0.0,0.11,0.252,0.096,0.232,0.168,0.102,0.032,0.008
87,0.128,0.144,0.256,0.056,0.19,0.08,0.062,0.032,0.052
88,0.168,0.306,0.152,0.042,0.132,0.146,0.036,0.016,0.002
89,0.192,0.094,0.038,0.13,0.088,0.204,0.158,0.078,0.018
90,0.0,0.0,0.078,0.18,0.238,0.182,0.124,0.088,0.11
91,0.0,0.1,0.132,0.182,0.262,0.134,0.076,0.056,0.058
92,0.094,0.154,0.188,0.144,0.262,0.104,0.05,0.004,0.0
93,0.048,0.312,0.086,0.064,0.172,0.182,0.114,0.018,0.004
