,0,1,2,3,4,5,6,7,8
0,0.001,0.067,0.334,0.225,0.304,0.069,,,
1,0.014,0.006,0.181,0.305,0.494,,,,
2,0.236,0.142,0.46,0.162,,,,,
3,0.01,0.044,0.159,0.431,0.356,,,,
4,0.0,0.206,0.435,0.209,0.135,0.015,,,
5,0.005,0.096,0.218,0.375,0.306,,,,
6,0.028,0.248,0.642,0.082,,,,,
7,0.086,0.225,0.528,0.161,,,,,
8,0.0,0.069,0.163,0.436,0.214,0.118,,,
9,0.054,0.363,0.156,0.359,0.068,0.0,,,
10,0.064,0.124,0.462,0.346,0.004,,,,
11,0.0,0.51,0.308,0.15,0.032,,,,
12,0.066,0.303,0.263,0.253,0.115,,,,
13,0.0,0.138,0.256,0.387,0.205,0.014,,,
14,0.0,0.032,0.311,0.394,0.227,0.036,,,
15,0.01,0.306,0.256,0.326,0.099,0.003,,,
16,0.01,0.1,0.265,0.433,0.169,0.023,,,
17,0.036,0.214,0.49,0.203,0.044,0.013,,,
18,0.001,0.074,0.243,0.682,,,,,
19,0.053,0.288,0.377,0.279,0.003,,,,
20,0.174,0.554,0.18,0.085,0.007,,,,
21,0.015,0.214,0.426,0.216,0.129,,,,
22,0.161,0.133,0.265,0.354,0.059,0.028,,,
23,0.105,0.153,0.251,0.312,0.174,0.005,,,
24,0.079,0.296,0.43,0.137,0.058,,,,
25,0.0,0.102,0.197,0.165,0.484,0.052,,,
26,0.0,0.088,0.055,0.434,0.409,0.014,,,
27,0.012,0.183,0.615,0.159,0.031,0.0,,,
28,0.048,0.309,0.587,0.054,0.002,,,,
29,0.109,0.234,0.365,0.25,0.042,,,,
30,0.008,0.084,0.601,0.282,0.025,,,,
31,0.055,0.093,0.271,0.323,0.19,0.068,,,
32,0.011,0.056,0.242,0.602,0.089,,,,
33,0.003,0.066,0.351,0.342,0.196,0.042,,,
34,0.031,0.237,0.016,0.307,0.241,0.142,0.025,0.001,
35,0.111,0.0,0.129,0.262,0.304,0.066,0.085,0.043,
36,0.016,0.019,0.158,0.238,0.251,0.276,0.042,,
37,0.012,0.064,0.223,0.397,0.208,0.072,0.02,0.004,
38,0.0,0.112,0.096,0.207,0.299,0.261,0.025,,
39,0.0,0.12,0.249,0.344,0.271,0.011,0.005,,
40,0.0,0.107,0.285,0.302,0.193,0.085,0.019,0.009,
41,0.246,0.223,0.154,0.116,0.166,0.09,0.005,,
42,0.006,0.116,0.091,0.232,0.145,0.14,0.27,,
43,0.013,0.188,0.168,0.211,0.064,0.291,0.065,,
44,0.0,0.018,0.127,0.197,0.347,0.245,0.066,,
45,0.0,0.146,0.298,0.268,0.105,0.098,0.085,,
46,0.28,0.0,0.094,0.147,0.125,0.252,0.102,,
47,0.0,0.121,0.259,0.304,0.23,0.071,0.015,,
48,0.146,0.11,0.111,0.265,0.348,0.015,0.005,,
49,0.001,0.187,0.373,0.25,0.159,0.029,0.001,,
50,0.11,0.135,0.215,0.172,0.177,0.121,0.067,0.003,
51,0.156,0.127,0.214,0.344,0.12,0.021,0.013,0.005,
52,0.163,0.251,0.19,0.188,0.16,0.045,0.003,,
53,0.228,0.425,0.058,0.191,0.006,0.088,0.004,,
54,0.063,0.069,0.175,0.333,0.17,0.155,0.035,,
55,0.059,0.09,0.289,0.147,0.216,0.114,0.084,0.001,
56,0.0,0.055,0.251,0.352,0.245,0.09,0.007,,
57,0.015,0.201,0.283,0.248,0.165,0.086,0.002,,
58,0.066,0.049,0.144,0.203,0.251,0.198,0.078,0.011,
59,0.018,0.193,0.151,0.326,0.221,0.089,0.002,,
60,0.046,0.041,0.09,0.153,0.206,0.313,0.123,0.028,
61,0.092,0.126,0.154,0.267,0.237,0.107,0.017,,
62,0.291,0.05,0.075,0.229,0.309,0.036,0.01,,
63,0.061,0.212,0.279,0.231,0.138,0.068,0.011,,
64,0.0,0.256,0.033,0.153,0.191,0.115,0.12,0.104,0.028
65,0.118,0.039,0.081,0.174,0.237,0.149,0.123,0.075,0.004
66,0.001,0.193,0.162,0.1,0.193,0.197,0.094,0.06,0.0
67,0.064,0.151,0.397,0.204,0.118,0.046,0.018,0.002,0.0
68,0.036,0.26,0.103,0.198,0.218,0.045,0.061,0.079,0.0
69,0.0,0.014,0.198,0.177,0.22,0.201,0.139,0.043,0.008
70,0.004,0.125,0.212,0.192,0.123,0.108,0.109,0.088,0.039
71,0.0,0.0,0.26,0.269,0.238,0.166,0.063,0.004,0.0
72,0.216,0.224,0.089,0.154,0.171,0.083,0.041,0.016,0.006
73,0.109,0.254,0.439,0.055,0.071,0.038,0.032,0.0,0.002
74,0.126,0.119,0.217,0.076,0.014,0.067,0.139,0.18,0.062
75,0.153,0.037,0.189,0.243,0.223,0.081,0.053,0.019,0.002
76,0.149,0.122,0.09,0.233,0.132,0.126,0.078,0.054,0.016
77,0.159,0.242,0.175,0.158,0.142,0.08,0.042,0.001,0.001
78,0.0,0.119,0.088,0.276,0.218,0.252,0.022,0.018,0.007
79,0.078,0.185,0.349,0.069,0.063,0.063,0.125,0.058,0.01
80,0.188,0.026,0.088,0.182,0.292,0.159,0.059,0.006,0.0
81,0.28,0.0,0.059,0.083,0.216,0.259,0.037,0.064,0.002
82,0.0,0.047,0.144,0.3,0.271,0.126,0.089,0.023,0.0
83,0.046,0.33,0.434,0.027,0.069,0.03,0.054,0.004,0.006
84,0.011,0.187,0.478,0.09,0.061,0.07,0.077,0.012,0.014
85,0.021,0.069,0.186,0.266,0.201,0.131,0.094,0.026,0.006
86,0.0,0.153,0.383,0.124,0.155,0.113,0.054,0.014,0.004
87,0.158,0.157,0.287,0.085,0.102,0.118,0.058,0.035,0.0
88,0.104,0.223,0.17,0.182,0.156,0.099,0.042,0.024,0.0
89,0.0,0.085,0.031,0.162,0.161,0.215,0.247,0.087,0.012
90,0.0,0.0,0.023,0.135,0.25,0.31,0.142,0.116,0.024
91,0.0,0.088,0.167,0.278,0.311,0.07,0.071,0.013,0.002
92,0.034,0.124,0.276,0.283,0.18,0.065,0.033,0.005,0.0
93,0.005,0.197,0.185,0.121,0.147,0.167,0.122,0.051,0.005
