,0,1,2,3,4,5,6,7,8
0,0.0,0.128,0.084,0.02,0.45,0.318,,,
1,0.012,0.046,0.064,0.014,0.864,,,,
2,0.113,0.143,0.049,0.695,,,,,
3,0.008,0.09,0.042,0.032,0.828,,,,
4,0.0,0.258,0.102,0.014,0.564,0.062,,,
5,0.004,0.05,0.052,0.012,0.882,,,,
6,0.007,0.173,0.088,0.732,,,,,
7,0.041,0.164,0.082,0.713,,,,,
8,0.0,0.082,0.074,0.03,0.606,0.208,,,
9,0.03,0.328,0.056,0.014,0.138,0.434,,,
10,0.032,0.25,0.098,0.016,0.604,,,,
11,0.0,0.324,0.03,0.01,0.636,,,,
12,0.03,0.074,0.05,0.01,0.836,,,,
13,0.0,0.22,0.104,0.016,0.606,0.054,,,
14,0.0,0.004,0.122,0.024,0.162,0.688,,,
15,0.004,0.254,0.082,0.016,0.0,0.644,,,
16,0.016,0.192,0.1,0.024,0.608,0.06,,,
17,0.012,0.234,0.094,0.012,0.002,0.646,,,
18,0.0,0.038,0.022,0.94,,,,,
19,0.026,0.28,0.062,0.006,0.626,,,,
20,0.108,0.252,0.022,0.006,0.612,,,,
21,0.008,0.11,0.12,0.012,0.75,,,,
22,0.104,0.124,0.07,0.026,0.002,0.674,,,
23,0.078,0.214,0.086,0.03,0.574,0.018,,,
24,0.044,0.168,0.074,0.008,0.706,,,,
25,0.0,0.208,0.088,0.018,0.56,0.126,,,
26,0.0,0.022,0.066,0.04,0.15,0.722,,,
27,0.016,0.318,0.096,0.002,0.566,0.002,,,
28,0.018,0.34,0.088,0.002,0.552,,,,
29,0.066,0.182,0.062,0.008,0.682,,,,
30,0.008,0.224,0.132,0.01,0.626,,,,
31,0.042,0.174,0.086,0.03,0.592,0.076,,,
32,0.008,0.048,0.06,0.038,0.846,,,,
33,0.0,0.118,0.128,0.016,0.31,0.428,,,
34,0.03,0.04,0.084,0.032,0.128,0.284,0.016,0.386,
35,0.072,0.0,0.052,0.022,0.348,0.1,0.056,0.35,
36,0.014,0.004,0.112,0.022,0.11,0.198,0.54,,
37,0.012,0.052,0.12,0.038,0.286,0.236,0.066,0.19,
38,0.0,0.032,0.05,0.026,0.562,0.296,0.034,,
39,0.0,0.064,0.106,0.026,0.59,0.21,0.004,,
40,0.0,0.076,0.082,0.034,0.566,0.11,0.016,0.116,
41,0.116,0.16,0.074,0.004,0.478,0.168,0.0,,
42,0.002,0.036,0.02,0.018,0.01,0.156,0.758,,
43,0.008,0.06,0.084,0.016,0.064,0.236,0.532,,
44,0.0,0.01,0.02,0.036,0.144,0.22,0.57,,
45,0.0,0.032,0.064,0.024,0.384,0.244,0.252,,
46,0.136,0.0,0.042,0.014,0.45,0.222,0.136,,
47,0.0,0.132,0.082,0.028,0.276,0.204,0.278,,
48,0.064,0.21,0.07,0.02,0.592,0.01,0.034,,
49,0.0,0.202,0.064,0.022,0.602,0.098,0.012,,
50,0.034,0.076,0.054,0.01,0.632,0.156,0.038,0.0,
51,0.082,0.204,0.054,0.018,0.218,0.1,0.03,0.294,
52,0.084,0.12,0.056,0.016,0.398,0.142,0.184,,
53,0.148,0.144,0.022,0.008,0.364,0.312,0.002,,
54,0.028,0.104,0.076,0.022,0.61,0.158,0.002,,
55,0.034,0.066,0.066,0.026,0.384,0.352,0.072,0.0,
56,0.0,0.018,0.088,0.026,0.2,0.202,0.466,,
57,0.008,0.232,0.078,0.028,0.544,0.032,0.078,,
58,0.046,0.042,0.066,0.016,0.36,0.172,0.034,0.264,
59,0.004,0.074,0.084,0.014,0.522,0.298,0.004,,
60,0.016,0.028,0.026,0.022,0.434,0.326,0.088,0.06,
61,0.04,0.048,0.074,0.024,0.576,0.206,0.032,,
62,0.144,0.056,0.05,0.024,0.614,0.072,0.04,,
63,0.036,0.146,0.066,0.008,0.39,0.216,0.138,,
64,0.0,0.054,0.006,0.012,0.204,0.162,0.13,0.04,0.392
65,0.058,0.012,0.012,0.024,0.5,0.156,0.096,0.026,0.116
66,0.002,0.072,0.018,0.012,0.288,0.318,0.112,0.026,0.152
67,0.044,0.082,0.062,0.01,0.488,0.256,0.046,0.004,0.008
68,0.018,0.124,0.034,0.012,0.532,0.098,0.086,0.018,0.078
69,0.0,0.002,0.026,0.028,0.202,0.232,0.086,0.032,0.392
70,0.006,0.086,0.044,0.016,0.082,0.042,0.062,0.02,0.642
71,0.0,0.0,0.086,0.024,0.512,0.298,0.08,0.0,0.0
72,0.13,0.064,0.048,0.008,0.604,0.088,0.048,0.0,0.01
73,0.042,0.178,0.076,0.016,0.002,0.112,0.054,0.008,0.512
74,0.05,0.036,0.07,0.018,0.004,0.014,0.082,0.04,0.686
75,0.07,0.01,0.072,0.044,0.226,0.246,0.054,0.002,0.276
76,0.072,0.05,0.03,0.028,0.086,0.164,0.07,0.026,0.474
77,0.08,0.12,0.032,0.014,0.37,0.202,0.036,0.0,0.146
78,0.0,0.032,0.062,0.04,0.438,0.376,0.046,0.006,0.0
79,0.036,0.114,0.058,0.02,0.368,0.246,0.116,0.04,0.002
80,0.102,0.002,0.016,0.028,0.528,0.184,0.11,0.01,0.02
81,0.14,0.0,0.036,0.016,0.618,0.124,0.024,0.02,0.022
82,0.0,0.006,0.034,0.03,0.5,0.34,0.076,0.014,0.0
83,0.02,0.182,0.078,0.008,0.144,0.08,0.046,0.006,0.436
84,0.006,0.094,0.108,0.014,0.034,0.102,0.068,0.014,0.56
85,0.016,0.052,0.034,0.02,0.318,0.192,0.076,0.02,0.272
86,0.0,0.034,0.028,0.014,0.578,0.25,0.086,0.01,0.0
87,0.102,0.074,0.076,0.016,0.12,0.116,0.028,0.01,0.458
88,0.066,0.168,0.07,0.018,0.44,0.194,0.032,0.008,0.004
89,0.0,0.008,0.018,0.016,0.36,0.356,0.146,0.03,0.066
90,0.0,0.0,0.002,0.01,0.43,0.184,0.1,0.044,0.23
91,0.0,0.024,0.05,0.03,0.134,0.212,0.102,0.012,0.436
92,0.02,0.142,0.086,0.032,0.608,0.106,0.006,0.0,0.0
93,0.01,0.062,0.022,0.008,0.454,0.342,0.088,0.014,0.0
