,0,1,2,3,4,5,6,7,8
0,0.001,0.133,0.313,0.157,0.268,0.128,,,
1,0.013,0.033,0.162,0.211,0.581,,,,
2,0.243,0.197,0.217,0.343,,,,,
3,0.017,0.116,0.162,0.266,0.439,,,,
4,0.0,0.247,0.301,0.257,0.16,0.035,,,
5,0.003,0.104,0.205,0.317,0.371,,,,
6,0.029,0.292,0.373,0.306,,,,,
7,0.073,0.272,0.33,0.325,,,,,
8,0.0,0.083,0.179,0.352,0.256,0.13,,,
9,0.071,0.413,0.133,0.258,0.125,0.0,,,
10,0.11,0.267,0.289,0.141,0.193,,,,
11,0.0,0.629,0.121,0.188,0.062,,,,
12,0.044,0.276,0.181,0.192,0.307,,,,
13,0.0,0.141,0.215,0.344,0.265,0.035,,,
14,0.0,0.017,0.332,0.352,0.213,0.086,,,
15,0.014,0.36,0.245,0.16,0.178,0.043,,,
16,0.017,0.202,0.297,0.383,0.09,0.011,,,
17,0.049,0.245,0.3,0.259,0.117,0.03,,,
18,0.0,0.096,0.172,0.732,,,,,
19,0.056,0.452,0.214,0.264,0.014,,,,
20,0.17,0.374,0.156,0.153,0.147,,,,
21,0.01,0.211,0.333,0.224,0.222,,,,
22,0.188,0.163,0.226,0.323,0.014,0.086,,,
23,0.114,0.114,0.177,0.222,0.353,0.02,,,
24,0.079,0.347,0.227,0.281,0.066,,,,
25,0.002,0.093,0.216,0.193,0.397,0.099,,,
26,0.0,0.077,0.138,0.4,0.289,0.096,,,
27,0.026,0.348,0.354,0.251,0.021,0.0,,,
28,0.05,0.415,0.314,0.1,0.121,,,,
29,0.138,0.293,0.267,0.15,0.152,,,,
30,0.01,0.242,0.378,0.229,0.141,,,,
31,0.063,0.179,0.278,0.285,0.166,0.029,,,
32,0.01,0.102,0.222,0.443,0.223,,,,
33,0.002,0.111,0.353,0.354,0.145,0.035,,,
34,0.042,0.106,0.068,0.247,0.314,0.123,0.061,0.039,
35,0.139,0.0,0.115,0.186,0.187,0.105,0.125,0.143,
36,0.029,0.02,0.158,0.255,0.242,0.224,0.072,,
37,0.019,0.092,0.189,0.376,0.176,0.095,0.028,0.025,
38,0.0,0.115,0.099,0.231,0.293,0.216,0.046,,
39,0.0,0.118,0.275,0.392,0.195,0.017,0.003,,
40,0.0,0.106,0.2,0.221,0.253,0.122,0.032,0.066,
41,0.293,0.135,0.158,0.148,0.162,0.103,0.001,,
42,0.014,0.109,0.085,0.273,0.103,0.119,0.297,,
43,0.011,0.171,0.118,0.204,0.113,0.26,0.123,,
44,0.0,0.016,0.092,0.248,0.308,0.193,0.143,,
45,0.0,0.122,0.215,0.235,0.225,0.108,0.095,,
46,0.33,0.0,0.061,0.191,0.151,0.18,0.087,,
47,0.0,0.179,0.29,0.24,0.16,0.064,0.067,,
48,0.151,0.193,0.136,0.217,0.284,0.012,0.007,,
49,0.0,0.273,0.302,0.229,0.162,0.029,0.005,,
50,0.118,0.185,0.159,0.158,0.228,0.098,0.051,0.003,
51,0.19,0.185,0.134,0.3,0.142,0.016,0.017,0.016,
52,0.186,0.218,0.156,0.14,0.225,0.055,0.02,,
53,0.245,0.359,0.069,0.205,0.022,0.098,0.002,,
54,0.082,0.072,0.194,0.258,0.208,0.135,0.051,,
55,0.084,0.126,0.211,0.111,0.23,0.156,0.081,0.001,
56,0.0,0.066,0.297,0.202,0.275,0.069,0.091,,
57,0.013,0.282,0.248,0.294,0.149,0.013,0.001,,
58,0.087,0.034,0.11,0.23,0.267,0.151,0.052,0.069,
59,0.02,0.184,0.173,0.264,0.228,0.096,0.035,,
60,0.05,0.049,0.04,0.127,0.206,0.285,0.191,0.052,
61,0.094,0.133,0.127,0.269,0.233,0.141,0.003,,
62,0.311,0.051,0.094,0.194,0.288,0.047,0.015,,
63,0.069,0.28,0.165,0.19,0.17,0.057,0.069,,
64,0.0,0.234,0.039,0.162,0.176,0.082,0.142,0.137,0.028
65,0.167,0.029,0.043,0.14,0.217,0.159,0.12,0.098,0.027
66,0.001,0.204,0.112,0.071,0.145,0.214,0.124,0.122,0.007
67,0.062,0.183,0.218,0.115,0.185,0.149,0.074,0.011,0.003
68,0.037,0.226,0.124,0.13,0.229,0.049,0.12,0.079,0.006
69,0.0,0.008,0.115,0.13,0.25,0.241,0.146,0.044,0.066
70,0.006,0.185,0.162,0.099,0.148,0.113,0.128,0.081,0.078
71,0.0,0.0,0.259,0.294,0.254,0.156,0.036,0.001,0.0
72,0.225,0.147,0.109,0.101,0.23,0.094,0.072,0.016,0.006
73,0.113,0.179,0.288,0.151,0.113,0.071,0.047,0.006,0.032
74,0.139,0.099,0.171,0.053,0.026,0.063,0.135,0.157,0.157
75,0.177,0.035,0.151,0.253,0.183,0.116,0.046,0.026,0.013
76,0.15,0.154,0.066,0.189,0.161,0.094,0.064,0.085,0.037
77,0.184,0.226,0.141,0.111,0.194,0.08,0.044,0.0,0.02
78,0.0,0.086,0.109,0.249,0.195,0.256,0.052,0.043,0.01
79,0.074,0.167,0.198,0.047,0.131,0.122,0.218,0.037,0.006
80,0.175,0.02,0.073,0.163,0.286,0.162,0.102,0.013,0.006
81,0.297,0.0,0.051,0.111,0.319,0.14,0.042,0.033,0.007
82,0.0,0.048,0.092,0.313,0.243,0.175,0.097,0.03,0.002
83,0.051,0.271,0.23,0.057,0.132,0.059,0.098,0.041,0.061
84,0.019,0.106,0.35,0.155,0.074,0.094,0.091,0.021,0.09
85,0.02,0.088,0.159,0.211,0.179,0.153,0.127,0.039,0.024
86,0.0,0.147,0.173,0.161,0.243,0.141,0.095,0.029,0.011
87,0.159,0.167,0.178,0.146,0.127,0.126,0.089,0.008,0.0
88,0.122,0.263,0.216,0.129,0.148,0.057,0.044,0.021,0.0
89,0.0,0.06,0.036,0.168,0.133,0.246,0.22,0.1,0.037
90,0.0,0.0,0.017,0.105,0.239,0.263,0.149,0.15,0.077
91,0.0,0.074,0.14,0.16,0.268,0.114,0.138,0.076,0.03
92,0.029,0.171,0.257,0.237,0.205,0.048,0.037,0.008,0.008
93,0.008,0.177,0.103,0.11,0.188,0.186,0.149,0.079,0.0
