,0,1,2,3,4,5,6,7,8
0,0.0,0.136,0.363,0.189,0.248,0.064,,,
1,0.017,0.039,0.218,0.287,0.439,,,,
2,0.265,0.225,0.286,0.224,,,,,
3,0.016,0.106,0.188,0.363,0.327,,,,
4,0.0,0.232,0.408,0.206,0.137,0.017,,,
5,0.005,0.138,0.262,0.351,0.244,,,,
6,0.032,0.309,0.467,0.192,,,,,
7,0.09,0.274,0.407,0.229,,,,,
8,0.0,0.11,0.221,0.358,0.229,0.082,,,
9,0.055,0.457,0.142,0.272,0.074,0.0,,,
10,0.108,0.207,0.387,0.187,0.111,,,,
11,0.0,0.675,0.137,0.165,0.023,,,,
12,0.057,0.32,0.263,0.192,0.168,,,,
13,0.0,0.164,0.238,0.351,0.214,0.033,,,
14,0.0,0.027,0.336,0.355,0.245,0.037,,,
15,0.013,0.35,0.341,0.165,0.101,0.03,,,
16,0.018,0.165,0.341,0.365,0.108,0.003,,,
17,0.043,0.27,0.315,0.238,0.111,0.023,,,
18,0.001,0.111,0.221,0.667,,,,,
19,0.073,0.478,0.257,0.189,0.003,,,,
20,0.185,0.424,0.186,0.126,0.079,,,,
21,0.013,0.275,0.405,0.172,0.135,,,,
22,0.203,0.159,0.279,0.288,0.023,0.048,,,
23,0.134,0.138,0.207,0.304,0.203,0.014,,,
24,0.103,0.365,0.301,0.196,0.035,,,,
25,0.001,0.113,0.224,0.191,0.384,0.087,,,
26,0.0,0.103,0.103,0.409,0.314,0.071,,,
27,0.023,0.309,0.475,0.168,0.025,0.0,,,
28,0.062,0.403,0.417,0.076,0.042,,,,
29,0.144,0.316,0.32,0.139,0.081,,,,
30,0.009,0.219,0.424,0.257,0.091,,,,
31,0.082,0.145,0.308,0.288,0.157,0.02,,,
32,0.013,0.102,0.246,0.482,0.157,,,,
33,0.004,0.118,0.416,0.336,0.104,0.022,,,
34,0.043,0.099,0.071,0.351,0.295,0.11,0.024,0.007,
35,0.179,0.0,0.148,0.261,0.2,0.066,0.092,0.054,
36,0.025,0.029,0.215,0.237,0.261,0.193,0.04,,
37,0.021,0.094,0.199,0.361,0.188,0.096,0.029,0.012,
38,0.0,0.135,0.105,0.24,0.305,0.187,0.028,,
39,0.0,0.116,0.296,0.354,0.215,0.015,0.004,,
40,0.0,0.125,0.225,0.289,0.201,0.099,0.034,0.027,
41,0.319,0.176,0.19,0.123,0.128,0.062,0.002,,
42,0.013,0.158,0.126,0.253,0.127,0.118,0.205,,
43,0.011,0.189,0.163,0.201,0.123,0.251,0.062,,
44,0.0,0.025,0.108,0.271,0.348,0.172,0.076,,
45,0.0,0.144,0.275,0.238,0.18,0.096,0.067,,
46,0.337,0.0,0.076,0.198,0.143,0.179,0.067,,
47,0.0,0.193,0.338,0.257,0.147,0.05,0.015,,
48,0.218,0.178,0.149,0.238,0.212,0.003,0.002,,
49,0.001,0.294,0.34,0.221,0.126,0.017,0.001,,
50,0.112,0.224,0.202,0.16,0.181,0.086,0.035,0.0,
51,0.212,0.213,0.179,0.237,0.12,0.018,0.012,0.009,
52,0.191,0.258,0.193,0.162,0.157,0.035,0.004,,
53,0.313,0.381,0.064,0.157,0.012,0.07,0.003,,
54,0.106,0.068,0.237,0.275,0.155,0.123,0.036,,
55,0.089,0.135,0.252,0.177,0.195,0.106,0.045,0.001,
56,0.0,0.066,0.388,0.239,0.217,0.049,0.041,,
57,0.021,0.293,0.307,0.231,0.134,0.013,0.001,,
58,0.086,0.05,0.152,0.217,0.291,0.145,0.042,0.017,
59,0.032,0.224,0.192,0.261,0.198,0.081,0.012,,
60,0.047,0.051,0.065,0.163,0.23,0.243,0.158,0.043,
61,0.109,0.151,0.149,0.295,0.196,0.097,0.003,,
62,0.335,0.059,0.094,0.226,0.244,0.035,0.007,,
63,0.076,0.312,0.184,0.202,0.146,0.053,0.027,,
64,0.0,0.275,0.04,0.174,0.229,0.068,0.119,0.084,0.011
65,0.144,0.053,0.066,0.182,0.216,0.14,0.113,0.073,0.013
66,0.005,0.23,0.164,0.095,0.171,0.18,0.097,0.056,0.002
67,0.051,0.22,0.332,0.137,0.127,0.086,0.044,0.002,0.001
68,0.043,0.291,0.137,0.146,0.2,0.045,0.079,0.054,0.005
69,0.0,0.018,0.18,0.157,0.238,0.24,0.107,0.042,0.018
70,0.004,0.212,0.235,0.115,0.146,0.108,0.091,0.057,0.032
71,0.0,0.0,0.324,0.269,0.244,0.128,0.035,0.0,0.0
72,0.276,0.183,0.113,0.13,0.166,0.079,0.04,0.009,0.004
73,0.124,0.196,0.296,0.127,0.102,0.07,0.055,0.011,0.019
74,0.142,0.127,0.205,0.092,0.022,0.09,0.112,0.138,0.072
75,0.205,0.061,0.2,0.245,0.16,0.077,0.039,0.01,0.003
76,0.159,0.17,0.133,0.208,0.132,0.083,0.046,0.055,0.014
77,0.221,0.242,0.189,0.087,0.161,0.061,0.028,0.002,0.009
78,0.0,0.149,0.126,0.289,0.179,0.196,0.038,0.021,0.002
79,0.086,0.19,0.217,0.062,0.11,0.121,0.174,0.032,0.008
80,0.21,0.026,0.08,0.193,0.278,0.132,0.078,0.003,0.0
81,0.352,0.0,0.075,0.1,0.25,0.139,0.045,0.037,0.002
82,0.0,0.064,0.131,0.305,0.226,0.164,0.084,0.025,0.001
83,0.078,0.277,0.29,0.056,0.13,0.061,0.066,0.021,0.021
84,0.011,0.092,0.446,0.153,0.111,0.073,0.068,0.018,0.028
85,0.014,0.077,0.247,0.242,0.17,0.138,0.071,0.032,0.009
86,0.0,0.186,0.218,0.154,0.22,0.132,0.065,0.018,0.007
87,0.203,0.164,0.256,0.129,0.098,0.1,0.039,0.011,0.0
88,0.142,0.289,0.238,0.146,0.106,0.04,0.023,0.016,0.0
89,0.0,0.099,0.042,0.168,0.205,0.203,0.199,0.071,0.013
90,0.0,0.0,0.031,0.117,0.304,0.276,0.136,0.113,0.023
91,0.0,0.112,0.182,0.222,0.277,0.09,0.073,0.036,0.008
92,0.045,0.153,0.343,0.245,0.145,0.048,0.015,0.004,0.002
93,0.013,0.223,0.133,0.127,0.185,0.164,0.11,0.045,0.0
