,0,1,2,3,4,5,6,7,8
0,0.0,0.007,0.012,0.088,0.496,0.397,,,
1,0.001,0.0,0.042,0.044,0.913,,,,
2,0.01,0.101,0.464,0.425,,,,,
3,0.007,0.008,0.086,0.077,0.822,,,,
4,0.001,0.043,0.547,0.142,0.142,0.125,,,
5,0.0,0.013,0.021,0.066,0.9,,,,
6,0.011,0.098,0.577,0.314,,,,,
7,0.007,0.026,0.422,0.545,,,,,
8,0.0,0.013,0.009,0.224,0.677,0.077,,,
9,0.008,0.048,0.018,0.224,0.671,0.031,,,
10,0.009,0.125,0.771,0.062,0.033,,,,
11,0.006,0.009,0.589,0.177,0.219,,,,
12,0.006,0.013,0.059,0.051,0.871,,,,
13,0.002,0.028,0.579,0.204,0.184,0.003,,,
14,0.0,0.001,0.426,0.244,0.027,0.302,,,
15,0.0,0.017,0.68,0.246,0.048,0.009,,,
16,0.002,0.016,0.022,0.135,0.433,0.392,,,
17,0.002,0.097,0.758,0.135,0.007,0.001,,,
18,0.001,0.002,0.03,0.967,,,,,
19,0.008,0.048,0.416,0.177,0.351,,,,
20,0.003,0.19,0.702,0.096,0.009,,,,
21,0.001,0.019,0.33,0.174,0.476,,,,
22,0.014,0.071,0.737,0.174,0.001,0.003,,,
23,0.011,0.012,0.622,0.169,0.183,0.003,,,
24,0.0,0.034,0.826,0.139,0.001,,,,
25,0.001,0.004,0.076,0.169,0.718,0.032,,,
26,0.0,0.005,0.015,0.286,0.691,0.003,,,
27,0.006,0.135,0.826,0.029,0.003,0.001,,,
28,0.001,0.068,0.823,0.063,0.045,,,,
29,0.005,0.079,0.127,0.05,0.739,,,,
30,0.0,0.005,0.83,0.109,0.056,,,,
31,0.025,0.027,0.197,0.205,0.364,0.182,,,
32,0.0,0.0,0.015,0.295,0.69,,,,
33,0.0,0.064,0.091,0.11,0.385,0.35,,,
34,0.001,0.064,0.033,0.058,0.588,0.202,0.032,0.022,
35,0.029,0.0,0.015,0.073,0.217,0.08,0.239,0.347,
36,0.004,0.002,0.032,0.064,0.461,0.166,0.271,,
37,0.001,0.014,0.208,0.114,0.331,0.175,0.031,0.126,
38,0.0,0.005,0.003,0.204,0.659,0.119,0.01,,
39,0.019,0.01,0.003,0.122,0.051,0.046,0.749,,
40,0.0,0.02,0.093,0.063,0.638,0.149,0.016,0.021,
41,0.003,0.034,0.074,0.097,0.582,0.186,0.024,,
42,0.0,0.003,0.021,0.04,0.002,0.024,0.91,,
43,0.0,0.005,0.032,0.083,0.175,0.055,0.65,,
44,0.0,0.0,0.04,0.011,0.062,0.236,0.651,,
45,0.0,0.015,0.138,0.1,0.591,0.107,0.049,,
46,0.004,0.0,0.016,0.036,0.304,0.145,0.495,,
47,0.018,0.013,0.015,0.021,0.294,0.165,0.474,,
48,0.001,0.01,0.01,0.246,0.609,0.117,0.007,,
49,0.0,0.029,0.079,0.13,0.654,0.086,0.022,,
50,0.005,0.001,0.09,0.002,0.678,0.167,0.055,0.002,
51,0.009,0.027,0.669,0.245,0.008,0.024,0.006,0.012,
52,0.001,0.012,0.019,0.08,0.644,0.235,0.009,,
53,0.008,0.034,0.007,0.012,0.562,0.371,0.006,,
54,0.002,0.005,0.005,0.057,0.528,0.387,0.016,,
55,0.001,0.002,0.071,0.023,0.087,0.237,0.577,0.002,
56,0.0,0.001,0.036,0.044,0.077,0.208,0.634,,
57,0.0,0.003,0.078,0.108,0.68,0.121,0.01,,
58,0.003,0.043,0.024,0.095,0.357,0.12,0.097,0.261,
59,0.0,0.012,0.011,0.044,0.612,0.228,0.093,,
60,0.001,0.014,0.073,0.012,0.176,0.298,0.415,0.011,
61,0.003,0.044,0.086,0.046,0.601,0.19,0.03,,
62,0.0,0.006,0.016,0.257,0.695,0.026,0.0,,
63,0.0,0.004,0.066,0.057,0.501,0.191,0.181,,
64,0.0,0.017,0.002,0.03,0.014,0.047,0.481,0.318,0.091
65,0.0,0.001,0.008,0.054,0.217,0.24,0.428,0.034,0.018
66,0.001,0.038,0.04,0.008,0.007,0.096,0.472,0.272,0.066
67,0.012,0.051,0.054,0.092,0.479,0.112,0.187,0.003,0.01
68,0.0,0.013,0.002,0.037,0.461,0.211,0.187,0.075,0.014
69,0.0,0.0,0.027,0.036,0.034,0.173,0.135,0.047,0.548
70,0.0,0.014,0.028,0.015,0.074,0.036,0.059,0.065,0.709
71,0.0,0.0,0.006,0.212,0.462,0.11,0.209,0.0,0.001
72,0.026,0.031,0.0,0.059,0.165,0.175,0.43,0.091,0.023
73,0.0,0.165,0.143,0.005,0.004,0.009,0.098,0.005,0.571
74,0.033,0.0,0.054,0.002,0.002,0.034,0.057,0.064,0.754
75,0.007,0.0,0.023,0.092,0.273,0.112,0.052,0.042,0.399
76,0.01,0.028,0.001,0.019,0.039,0.018,0.095,0.124,0.666
77,0.011,0.023,0.096,0.078,0.535,0.232,0.025,0.0,0.0
78,0.013,0.007,0.003,0.127,0.44,0.211,0.187,0.012,0.0
79,0.001,0.052,0.546,0.009,0.014,0.128,0.216,0.03,0.004
80,0.0,0.017,0.056,0.043,0.361,0.21,0.305,0.008,0.0
81,0.013,0.0,0.012,0.171,0.663,0.098,0.01,0.007,0.026
82,0.0,0.008,0.014,0.223,0.075,0.126,0.552,0.002,0.0
83,0.0,0.152,0.578,0.002,0.013,0.011,0.027,0.013,0.204
84,0.0,0.113,0.036,0.027,0.077,0.006,0.104,0.0,0.637
85,0.0,0.003,0.047,0.043,0.202,0.192,0.27,0.092,0.151
86,0.0,0.001,0.393,0.007,0.023,0.206,0.268,0.051,0.051
87,0.003,0.042,0.073,0.008,0.098,0.083,0.47,0.215,0.008
88,0.0,0.036,0.095,0.036,0.035,0.24,0.529,0.016,0.013
89,0.005,0.0,0.0,0.004,0.002,0.052,0.627,0.28,0.03
90,0.0,0.0,0.012,0.023,0.086,0.082,0.458,0.145,0.194
91,0.0,0.0,0.002,0.035,0.104,0.219,0.524,0.094,0.022
92,0.0,0.0,0.018,0.18,0.555,0.093,0.12,0.03,0.004
93,0.0,0.019,0.019,0.015,0.026,0.129,0.57,0.221,0.001
