,0,1,2,3,4,5,6,7,8
0,0.0,0.008,0.022,0.079,0.577,0.314,,,
1,0.016,0.005,0.053,0.036,0.89,,,,
2,0.075,0.045,0.46,0.42,,,,,
3,0.025,0.015,0.093,0.043,0.824,,,,
4,0.015,0.038,0.574,0.132,0.152,0.089,,,
5,0.021,0.009,0.037,0.043,0.89,,,,
6,0.056,0.057,0.673,0.214,,,,,
7,0.06,0.022,0.452,0.466,,,,,
8,0.011,0.014,0.049,0.15,0.726,0.05,,,
9,0.041,0.04,0.031,0.121,0.748,0.019,,,
10,0.037,0.059,0.834,0.043,0.027,,,,
11,0.063,0.014,0.668,0.05,0.205,,,,
12,0.02,0.03,0.056,0.031,0.863,,,,
13,0.013,0.006,0.607,0.118,0.229,0.027,,,
14,0.0,0.001,0.53,0.152,0.041,0.276,,,
15,0.001,0.054,0.758,0.172,0.015,0.0,,,
16,0.011,0.009,0.007,0.097,0.503,0.373,,,
17,0.036,0.047,0.83,0.084,0.003,0.0,,,
18,0.026,0.012,0.055,0.907,,,,,
19,0.093,0.026,0.463,0.036,0.382,,,,
20,0.016,0.057,0.798,0.089,0.04,,,,
21,0.002,0.016,0.389,0.129,0.464,,,,
22,0.052,0.035,0.815,0.097,0.0,0.001,,,
23,0.076,0.012,0.622,0.073,0.207,0.01,,,
24,0.021,0.055,0.875,0.044,0.005,,,,
25,0.021,0.005,0.08,0.116,0.745,0.033,,,
26,0.0,0.012,0.038,0.21,0.738,0.002,,,
27,0.01,0.048,0.881,0.05,0.004,0.007,,,
28,0.007,0.042,0.889,0.033,0.029,,,,
29,0.058,0.042,0.094,0.051,0.755,,,,
30,0.004,0.012,0.881,0.071,0.032,,,,
31,0.046,0.014,0.235,0.123,0.392,0.19,,,
32,0.012,0.006,0.046,0.155,0.781,,,,
33,0.003,0.041,0.084,0.082,0.382,0.408,,,
34,0.006,0.02,0.062,0.033,0.728,0.137,0.007,0.007,
35,0.1,0.0,0.033,0.038,0.22,0.044,0.27,0.295,
36,0.016,0.006,0.043,0.031,0.504,0.108,0.292,,
37,0.008,0.008,0.26,0.093,0.367,0.109,0.007,0.148,
38,0.0,0.009,0.021,0.117,0.751,0.1,0.002,,
39,0.044,0.001,0.004,0.056,0.045,0.032,0.818,,
40,0.0,0.011,0.069,0.058,0.736,0.1,0.006,0.02,
41,0.045,0.011,0.057,0.071,0.693,0.107,0.016,,
42,0.018,0.002,0.072,0.037,0.005,0.018,0.848,,
43,0.002,0.012,0.044,0.07,0.216,0.054,0.602,,
44,0.0,0.001,0.035,0.014,0.054,0.168,0.728,,
45,0.0,0.01,0.111,0.077,0.708,0.058,0.036,,
46,0.063,0.0,0.021,0.019,0.347,0.07,0.48,,
47,0.05,0.009,0.035,0.031,0.33,0.096,0.449,,
48,0.029,0.015,0.022,0.151,0.72,0.059,0.004,,
49,0.004,0.023,0.065,0.086,0.731,0.075,0.016,,
50,0.032,0.007,0.097,0.008,0.757,0.089,0.009,0.001,
51,0.028,0.022,0.789,0.131,0.002,0.023,0.002,0.003,
52,0.017,0.026,0.024,0.061,0.749,0.121,0.002,,
53,0.065,0.02,0.002,0.026,0.644,0.241,0.002,,
54,0.034,0.014,0.01,0.028,0.647,0.263,0.004,,
55,0.028,0.004,0.088,0.023,0.051,0.135,0.666,0.005,
56,0.0,0.002,0.036,0.041,0.079,0.146,0.696,,
57,0.001,0.033,0.081,0.072,0.755,0.053,0.005,,
58,0.045,0.014,0.031,0.038,0.395,0.096,0.109,0.272,
59,0.025,0.012,0.007,0.066,0.72,0.123,0.047,,
60,0.068,0.005,0.069,0.015,0.186,0.163,0.484,0.01,
61,0.008,0.025,0.093,0.045,0.719,0.095,0.015,,
62,0.052,0.004,0.01,0.136,0.767,0.028,0.003,,
63,0.007,0.011,0.046,0.059,0.555,0.122,0.2,,
64,0.0,0.017,0.0,0.016,0.025,0.048,0.599,0.251,0.044
65,0.022,0.003,0.037,0.017,0.242,0.147,0.487,0.036,0.009
66,0.013,0.046,0.069,0.01,0.015,0.105,0.509,0.155,0.078
67,0.03,0.019,0.039,0.043,0.533,0.074,0.223,0.011,0.028
68,0.0,0.011,0.013,0.042,0.54,0.113,0.206,0.057,0.018
69,0.0,0.0,0.076,0.032,0.051,0.107,0.093,0.015,0.626
70,0.0,0.022,0.081,0.014,0.062,0.019,0.069,0.031,0.702
71,0.0,0.001,0.031,0.154,0.497,0.104,0.213,0.0,0.0
72,0.065,0.018,0.001,0.033,0.153,0.151,0.528,0.048,0.003
73,0.031,0.064,0.112,0.005,0.001,0.026,0.089,0.006,0.666
74,0.104,0.008,0.059,0.0,0.0,0.013,0.063,0.042,0.711
75,0.054,0.002,0.062,0.046,0.297,0.045,0.051,0.028,0.415
76,0.086,0.032,0.009,0.019,0.054,0.025,0.056,0.055,0.664
77,0.059,0.016,0.082,0.052,0.645,0.14,0.006,0.0,0.0
78,0.024,0.008,0.02,0.093,0.497,0.129,0.22,0.008,0.001
79,0.005,0.031,0.611,0.029,0.023,0.081,0.195,0.019,0.006
80,0.042,0.012,0.049,0.032,0.394,0.108,0.351,0.012,0.0
81,0.074,0.001,0.018,0.096,0.707,0.081,0.004,0.001,0.018
82,0.0,0.0,0.036,0.119,0.081,0.096,0.652,0.016,0.0
83,0.012,0.037,0.616,0.007,0.03,0.033,0.023,0.006,0.236
84,0.005,0.021,0.004,0.027,0.062,0.027,0.08,0.018,0.756
85,0.008,0.003,0.053,0.024,0.258,0.108,0.306,0.07,0.17
86,0.0,0.005,0.428,0.022,0.014,0.156,0.306,0.033,0.036
87,0.022,0.033,0.094,0.014,0.09,0.059,0.566,0.115,0.007
88,0.034,0.031,0.06,0.035,0.077,0.109,0.627,0.015,0.012
89,0.028,0.006,0.001,0.01,0.001,0.041,0.672,0.218,0.023
90,0.0,0.0,0.023,0.015,0.074,0.037,0.612,0.105,0.134
91,0.0,0.004,0.026,0.027,0.098,0.163,0.638,0.037,0.007
92,0.019,0.011,0.04,0.11,0.613,0.056,0.133,0.016,0.002
93,0.006,0.026,0.041,0.014,0.028,0.102,0.662,0.12,0.001
