,0,1,2,3,4,5,6,7,8
0,0.0,0.012,0.022,0.061,0.595,0.31,,,
1,0.022,0.003,0.061,0.028,0.886,,,,
2,0.07,0.039,0.462,0.429,,,,,
3,0.018,0.01,0.079,0.035,0.858,,,,
4,0.021,0.021,0.605,0.091,0.164,0.098,,,
5,0.017,0.011,0.05,0.04,0.882,,,,
6,0.059,0.053,0.642,0.246,,,,,
7,0.063,0.024,0.468,0.445,,,,,
8,0.01,0.014,0.046,0.118,0.759,0.053,,,
9,0.044,0.024,0.048,0.131,0.738,0.015,,,
10,0.052,0.061,0.831,0.031,0.025,,,,
11,0.06,0.014,0.66,0.07,0.196,,,,
12,0.027,0.02,0.064,0.033,0.856,,,,
13,0.012,0.01,0.622,0.127,0.207,0.022,,,
14,0.0,0.001,0.477,0.171,0.031,0.32,,,
15,0.002,0.05,0.779,0.156,0.01,0.003,,,
16,0.018,0.021,0.006,0.094,0.489,0.372,,,
17,0.024,0.046,0.832,0.098,0.0,0.0,,,
18,0.026,0.012,0.049,0.913,,,,,
19,0.094,0.024,0.439,0.043,0.4,,,,
20,0.01,0.052,0.827,0.078,0.033,,,,
21,0.003,0.015,0.401,0.11,0.471,,,,
22,0.047,0.028,0.827,0.095,0.001,0.002,,,
23,0.056,0.009,0.666,0.074,0.189,0.006,,,
24,0.022,0.046,0.884,0.044,0.004,,,,
25,0.016,0.002,0.064,0.093,0.796,0.029,,,
26,0.0,0.011,0.038,0.178,0.772,0.001,,,
27,0.012,0.033,0.897,0.049,0.001,0.008,,,
28,0.009,0.044,0.886,0.037,0.024,,,,
29,0.047,0.036,0.092,0.029,0.796,,,,
30,0.004,0.012,0.88,0.067,0.037,,,,
31,0.031,0.015,0.224,0.093,0.414,0.223,,,
32,0.017,0.009,0.049,0.127,0.798,,,,
33,0.003,0.048,0.073,0.09,0.383,0.403,,,
34,0.006,0.023,0.04,0.039,0.739,0.141,0.005,0.007,
35,0.092,0.0,0.029,0.034,0.214,0.049,0.298,0.284,
36,0.043,0.002,0.038,0.034,0.464,0.118,0.301,,
37,0.004,0.006,0.268,0.086,0.366,0.085,0.01,0.175,
38,0.0,0.005,0.022,0.123,0.723,0.126,0.001,,
39,0.039,0.009,0.003,0.054,0.036,0.032,0.827,,
40,0.0,0.014,0.061,0.055,0.74,0.104,0.006,0.02,
41,0.039,0.017,0.043,0.073,0.708,0.101,0.019,,
42,0.032,0.006,0.068,0.02,0.003,0.015,0.856,,
43,0.002,0.015,0.05,0.053,0.214,0.05,0.616,,
44,0.0,0.0,0.042,0.008,0.052,0.169,0.729,,
45,0.0,0.013,0.11,0.065,0.724,0.048,0.04,,
46,0.084,0.0,0.025,0.018,0.352,0.075,0.446,,
47,0.04,0.016,0.034,0.031,0.332,0.09,0.457,,
48,0.038,0.016,0.021,0.151,0.729,0.045,0.0,,
49,0.004,0.018,0.073,0.085,0.752,0.048,0.02,,
50,0.034,0.013,0.08,0.012,0.764,0.083,0.013,0.001,
51,0.041,0.018,0.802,0.096,0.007,0.024,0.002,0.01,
52,0.02,0.018,0.043,0.044,0.75,0.118,0.007,,
53,0.065,0.019,0.002,0.011,0.66,0.239,0.004,,
54,0.037,0.015,0.006,0.031,0.677,0.232,0.002,,
55,0.024,0.004,0.069,0.024,0.064,0.117,0.686,0.012,
56,0.0,0.004,0.047,0.038,0.085,0.161,0.665,,
57,0.0,0.033,0.062,0.076,0.785,0.042,0.002,,
58,0.035,0.022,0.037,0.037,0.407,0.077,0.093,0.292,
59,0.02,0.007,0.01,0.06,0.737,0.118,0.048,,
60,0.056,0.006,0.062,0.01,0.195,0.156,0.501,0.014,
61,0.008,0.028,0.085,0.048,0.739,0.075,0.017,,
62,0.048,0.007,0.008,0.143,0.758,0.036,0.0,,
63,0.004,0.007,0.054,0.056,0.556,0.098,0.225,,
64,0.0,0.017,0.003,0.013,0.024,0.041,0.609,0.256,0.037
65,0.017,0.001,0.04,0.032,0.245,0.126,0.488,0.035,0.016
66,0.015,0.032,0.06,0.008,0.008,0.086,0.558,0.172,0.061
67,0.027,0.028,0.042,0.04,0.53,0.068,0.232,0.011,0.022
68,0.001,0.011,0.011,0.032,0.505,0.112,0.237,0.063,0.028
69,0.0,0.001,0.071,0.027,0.049,0.079,0.111,0.021,0.641
70,0.001,0.024,0.077,0.014,0.066,0.025,0.061,0.031,0.701
71,0.0,0.001,0.02,0.13,0.531,0.073,0.245,0.0,0.0
72,0.054,0.016,0.002,0.037,0.175,0.134,0.52,0.057,0.005
73,0.032,0.051,0.119,0.013,0.002,0.021,0.066,0.003,0.693
74,0.075,0.005,0.049,0.001,0.003,0.011,0.051,0.051,0.754
75,0.04,0.002,0.072,0.057,0.296,0.048,0.055,0.016,0.414
76,0.07,0.027,0.009,0.019,0.051,0.031,0.048,0.06,0.685
77,0.064,0.005,0.085,0.041,0.671,0.132,0.002,0.0,0.0
78,0.023,0.006,0.019,0.094,0.506,0.124,0.212,0.009,0.007
79,0.005,0.032,0.551,0.021,0.027,0.08,0.26,0.01,0.014
80,0.027,0.007,0.034,0.037,0.404,0.126,0.352,0.012,0.001
81,0.073,0.0,0.018,0.097,0.725,0.068,0.002,0.0,0.017
82,0.0,0.003,0.04,0.123,0.064,0.072,0.686,0.012,0.0
83,0.01,0.036,0.595,0.006,0.02,0.034,0.028,0.004,0.267
84,0.007,0.03,0.006,0.023,0.061,0.01,0.071,0.014,0.778
85,0.004,0.004,0.043,0.028,0.265,0.106,0.335,0.053,0.162
86,0.0,0.001,0.449,0.015,0.013,0.145,0.316,0.019,0.042
87,0.019,0.038,0.093,0.012,0.086,0.046,0.597,0.103,0.006
88,0.027,0.032,0.063,0.029,0.071,0.098,0.66,0.012,0.008
89,0.018,0.002,0.0,0.015,0.003,0.023,0.686,0.241,0.012
90,0.0,0.0,0.035,0.013,0.067,0.039,0.588,0.11,0.148
91,0.0,0.002,0.019,0.032,0.101,0.134,0.664,0.041,0.007
92,0.014,0.006,0.04,0.096,0.628,0.05,0.148,0.017,0.001
93,0.007,0.026,0.042,0.008,0.038,0.101,0.661,0.116,0.001
