,0,1,2,3,4,5,6,7,8
0,0.0,0.017,0.011,0.043,0.104,0.825,,,
1,0.026,0.024,0.009,0.059,0.882,,,,
2,0.083,0.053,0.005,0.859,,,,,
3,0.038,0.029,0.001,0.135,0.797,,,,
4,0.02,0.044,0.012,0.701,0.096,0.127,,,
5,0.044,0.021,0.003,0.14,0.792,,,,
6,0.078,0.068,0.008,0.846,,,,,
7,0.071,0.035,0.003,0.891,,,,,
8,0.009,0.013,0.002,0.809,0.108,0.059,,,
9,0.052,0.076,0.008,0.766,0.071,0.027,,,
10,0.053,0.071,0.005,0.131,0.74,,,,
11,0.074,0.034,0.008,0.647,0.237,,,,
12,0.022,0.036,0.004,0.116,0.822,,,,
13,0.018,0.015,0.013,0.778,0.147,0.029,,,
14,0.0,0.001,0.03,0.751,0.065,0.153,,,
15,0.001,0.083,0.016,0.756,0.081,0.063,,,
16,0.015,0.087,0.019,0.816,0.063,0.0,,,
17,0.035,0.106,0.026,0.746,0.063,0.024,,,
18,0.025,0.018,0.006,0.951,,,,,
19,0.133,0.038,0.004,0.815,0.01,,,,
20,0.018,0.085,0.004,0.411,0.482,,,,
21,0.003,0.05,0.016,0.57,0.361,,,,
22,0.069,0.062,0.01,0.802,0.003,0.054,,,
23,0.087,0.012,0.005,0.678,0.203,0.015,,,
24,0.026,0.078,0.008,0.828,0.06,,,,
25,0.026,0.01,0.009,0.57,0.191,0.194,,,
26,0.0,0.021,0.019,0.743,0.079,0.138,,,
27,0.024,0.122,0.021,0.806,0.021,0.006,,,
28,0.013,0.083,0.023,0.087,0.794,,,,
29,0.069,0.091,0.006,0.094,0.74,,,,
30,0.002,0.064,0.012,0.063,0.859,,,,
31,0.046,0.033,0.009,0.762,0.15,0.0,,,
32,0.026,0.033,0.008,0.69,0.243,,,,
33,0.001,0.06,0.02,0.793,0.095,0.031,,,
34,0.014,0.041,0.007,0.068,0.084,0.015,0.068,0.703,
35,0.12,0.003,0.004,0.073,0.018,0.014,0.078,0.69,
36,0.033,0.008,0.001,0.512,0.107,0.018,0.321,,
37,0.003,0.012,0.014,0.574,0.109,0.019,0.001,0.268,
38,0.0,0.017,0.01,0.757,0.172,0.02,0.024,,
39,0.053,0.015,0.009,0.831,0.087,0.002,0.003,,
40,0.0,0.024,0.008,0.041,0.187,0.014,0.058,0.668,
41,0.072,0.01,0.004,0.75,0.138,0.026,0.0,,
42,0.027,0.013,0.004,0.117,0.028,0.011,0.8,,
43,0.002,0.039,0.012,0.095,0.1,0.008,0.744,,
44,0.0,0.001,0.005,0.19,0.102,0.038,0.664,,
45,0.0,0.015,0.002,0.783,0.137,0.007,0.056,,
46,0.078,0.0,0.004,0.1,0.061,0.015,0.742,,
47,0.048,0.02,0.012,0.063,0.071,0.009,0.777,,
48,0.051,0.025,0.019,0.728,0.167,0.007,0.003,,
49,0.004,0.031,0.009,0.677,0.169,0.005,0.105,,
50,0.052,0.014,0.004,0.339,0.225,0.028,0.338,0.0,
51,0.056,0.053,0.007,0.818,0.039,0.004,0.003,0.02,
52,0.014,0.033,0.004,0.77,0.12,0.016,0.043,,
53,0.088,0.026,0.002,0.755,0.097,0.026,0.006,,
54,0.06,0.01,0.001,0.457,0.115,0.019,0.338,,
55,0.035,0.005,0.007,0.003,0.227,0.042,0.679,0.002,
56,0.0,0.002,0.007,0.071,0.111,0.016,0.793,,
57,0.0,0.054,0.011,0.816,0.088,0.012,0.019,,
58,0.055,0.025,0.006,0.43,0.082,0.012,0.069,0.321,
59,0.033,0.025,0.002,0.097,0.156,0.02,0.667,,
60,0.101,0.012,0.001,0.07,0.117,0.03,0.656,0.013,
61,0.023,0.024,0.006,0.78,0.145,0.021,0.001,,
62,0.076,0.009,0.008,0.723,0.157,0.007,0.02,,
63,0.007,0.013,0.005,0.115,0.103,0.007,0.75,,
64,0.0,0.017,0.003,0.053,0.038,0.018,0.501,0.201,0.169
65,0.02,0.005,0.001,0.03,0.143,0.036,0.654,0.096,0.015
66,0.028,0.046,0.002,0.0,0.063,0.036,0.566,0.243,0.016
67,0.039,0.034,0.006,0.096,0.058,0.014,0.69,0.052,0.011
68,0.0,0.017,0.006,0.014,0.137,0.018,0.597,0.119,0.092
69,0.0,0.001,0.004,0.047,0.144,0.031,0.392,0.033,0.348
70,0.001,0.021,0.008,0.019,0.066,0.013,0.077,0.058,0.737
71,0.0,0.004,0.008,0.794,0.171,0.018,0.005,0.0,0.0
72,0.073,0.023,0.0,0.0,0.143,0.019,0.679,0.047,0.016
73,0.038,0.067,0.01,0.556,0.025,0.005,0.046,0.004,0.249
74,0.108,0.006,0.002,0.0,0.008,0.007,0.066,0.063,0.74
75,0.058,0.001,0.007,0.397,0.111,0.012,0.207,0.062,0.145
76,0.11,0.03,0.0,0.028,0.056,0.01,0.066,0.037,0.663
77,0.088,0.029,0.001,0.454,0.146,0.006,0.237,0.0,0.039
78,0.039,0.011,0.004,0.341,0.113,0.017,0.435,0.04,0.0
79,0.006,0.051,0.013,0.054,0.151,0.026,0.688,0.011,0.0
80,0.053,0.013,0.003,0.02,0.206,0.023,0.656,0.021,0.005
81,0.104,0.0,0.0,0.68,0.176,0.01,0.004,0.017,0.009
82,0.0,0.004,0.004,0.784,0.172,0.033,0.003,0.0,0.0
83,0.016,0.046,0.006,0.075,0.04,0.008,0.081,0.015,0.713
84,0.008,0.048,0.015,0.11,0.031,0.008,0.102,0.014,0.664
85,0.005,0.01,0.004,0.082,0.134,0.029,0.277,0.056,0.403
86,0.0,0.003,0.014,0.047,0.163,0.019,0.691,0.045,0.018
87,0.017,0.065,0.011,0.12,0.049,0.014,0.678,0.009,0.037
88,0.041,0.052,0.006,0.099,0.068,0.014,0.664,0.056,0.0
89,0.06,0.002,0.0,0.078,0.032,0.029,0.665,0.106,0.028
90,0.0,0.0,0.0,0.097,0.051,0.02,0.389,0.133,0.31
91,0.0,0.006,0.002,0.0,0.102,0.02,0.631,0.079,0.16
92,0.021,0.03,0.006,0.458,0.129,0.014,0.205,0.007,0.13
93,0.007,0.032,0.001,0.057,0.055,0.024,0.656,0.162,0.006
